0 0 -7.71
0 1 -5.25
0 2 -5.16
0 3 -2.87
0 4 -6.90
0 5 -4.95
0 6 -3.15
0 7 -6.64
0 8 -6.53
0 9 -6.62
0 10 -4.03
0 11 -2.87
0 12 -3.39
0 13 -1.79
0 14 -8.21
0 15 -4.57
0 16 -10.25
0 17 -1.73
0 18 -3.28
0 19 -2.23
0 20 -6.03
0 21 -3.32
0 22 -8.52
0 23 -6.62
0 24 -7.47
0 25 -7.52
0 26 -11.31
0 27 -10.59
0 28 -9.52
0 29 -1.48
1 0 -1.94
1 1 -3.42
1 2 -8.25
1 3 -7.62
1 4 -1.42
1 5 -8.52
1 6 -9.92
1 7 -7.94
1 8 -2.62
1 9 -4.33
1 10 -7.52
1 11 -1.98
1 12 -8.12
1 13 -6.98
1 14 -2.35
1 15 -8.56
1 16 -12.12
1 17 -2.43
1 18 -5.29
1 19 -5.60
1 20 -3.40
1 21 -7.22
1 22 -9.02
1 23 -9.45
1 24 -3.42
1 25 -10.96
1 26 -3.43
1 27 -3.53
1 28 -3.96
1 29 -4.28
2 0 -3.88
2 1 -7.87
2 2 -5.28
2 3 -7.33
2 4 -2.71
2 5 -8.44
2 6 -8.76
2 7 -0.65
2 8 -3.15
2 9 -10.59
2 10 -1.19
2 11 -5.54
2 12 -8.06
2 13 -8.60
2 14 -4.45
2 15 -9.58
2 16 -7.86
2 17 -5.99
2 18 -6.35
2 19 -6.33
2 20 -5.57
2 21 -9.42
2 22 -12.54
2 23 -8.75
2 24 -5.46
2 25 -8.56
2 26 -11.69
2 27 -12.54
2 28 -13.64
2 29 -4.65
3 0 -2.31
3 1 -5.60
3 2 -8.43
3 3 -4.20
3 4 -0.74
3 5 -5.91
3 6 -5.59
3 7 -6.31
3 8 -3.20
3 9 -5.11
3 10 -6.06
3 11 -4.22
3 12 -6.40
3 13 -4.31
3 14 -3.92
3 15 -6.78
3 16 -8.43
3 17 -3.05
3 18 -3.59
3 19 -6.06
3 20 -4.29
3 21 -5.30
3 22 -8.37
3 23 -9.04
3 24 -5.86
3 25 -8.74
3 26 -4.93
3 27 -3.97
3 28 -4.32
3 29 -1.85
4 0 -5.71
4 1 -5.29
4 2 -5.05
4 3 -3.00
4 4 -6.44
4 5 -4.41
4 6 -4.35
4 7 -5.48
4 8 -6.14
4 9 -5.85
4 10 -4.23
4 11 -2.93
4 12 -3.88
4 13 -1.44
4 14 -6.59
4 15 -5.44
4 16 -10.87
4 17 -1.63
4 18 -3.25
4 19 -1.94
4 20 -5.93
4 21 -4.64
4 22 -7.65
4 23 -5.15
4 24 -7.19
4 25 -8.92
4 26 -9.56
4 27 -9.17
4 28 -8.25
4 29 -1.77
5 0 -2.45
5 1 -7.78
5 2 -9.55
5 3 -8.09
5 4 -3.32
5 5 -3.54
5 6 -8.10
5 7 -9.19
5 8 -2.59
5 9 -5.36
5 10 -7.20
5 11 -3.20
5 12 -8.52
5 13 -6.63
5 14 -2.83
5 15 -8.11
5 16 -12.68
5 17 -2.05
5 18 -5.64
5 19 -2.58
5 20 -3.99
5 21 -7.75
5 22 -10.98
5 23 -9.73
5 24 -4.41
5 25 -10.57
5 26 -1.07
5 27 -3.79
5 28 -3.13
5 29 -4.14
6 0 -1.89
6 1 -6.11
6 2 -9.22
6 3 -4.60
6 4 -1.62
6 5 -6.36
6 6 -3.61
6 7 -4.18
6 8 -3.39
6 9 -4.81
6 10 -6.43
6 11 -4.04
6 12 -6.26
6 13 -3.95
6 14 -3.26
6 15 -6.42
6 16 -8.87
6 17 -2.88
6 18 -3.11
6 19 -2.94
6 20 -4.55
6 21 -6.25
6 22 -8.52
6 23 -10.62
6 24 -6.04
6 25 -10.64
6 26 -3.86
6 27 -4.47
6 28 -3.28
6 29 -1.45
7 0 -1.25
7 1 -8.48
7 2 -8.77
7 3 -8.41
7 4 -2.06
7 5 -9.11
7 6 -9.43
7 7 -9.21
7 8 -3.85
7 9 -4.56
7 10 -8.51
7 11 -5.49
7 12 -7.10
7 13 -5.98
7 14 -2.39
7 15 -9.17
7 16 -11.88
7 17 -5.87
7 18 -6.95
7 19 -6.46
7 20 -3.08
7 21 -8.21
7 22 -7.18
7 23 -10.31
7 24 -5.05
7 25 -10.40
7 26 -3.18
7 27 -3.07
7 28 -3.63
7 29 -1.27
8 0 -4.34
8 1 -5.59
8 2 -3.92
8 3 -3.09
8 4 -3.88
8 5 -4.59
8 6 -2.14
8 7 -6.02
8 8 -7.49
8 9 -7.57
8 10 -3.06
8 11 -2.26
8 12 -4.67
8 13 -1.43
8 14 -3.46
8 15 -5.30
8 16 -9.13
8 17 -4.22
8 18 -2.46
8 19 -2.77
8 20 -6.51
8 21 -3.53
8 22 -8.90
8 23 -7.36
8 24 -10.03
8 25 -7.51
8 26 -7.52
8 27 -6.89
8 28 -10.66
8 29 -2.02
9 0 -1.25
9 1 -7.51
9 2 -9.04
9 3 -3.90
9 4 -2.23
9 5 -8.24
9 6 -8.72
9 7 -8.05
9 8 -5.52
9 9 -9.27
9 10 -4.73
9 11 -3.67
9 12 -7.46
9 13 -4.74
9 14 -2.04
9 15 -7.38
9 16 -13.12
9 17 -7.62
9 18 -5.20
9 19 -5.57
9 20 -1.82
9 21 -8.42
9 22 -11.51
9 23 -13.12
9 24 -8.11
9 25 -12.02
9 26 -2.97
9 27 -1.95
9 28 -8.96
9 29 -3.21
10 0 -1.42
10 1 -6.23
10 2 -9.01
10 3 -6.39
10 4 -2.21
10 5 -6.14
10 6 -6.54
10 7 -4.76
10 8 -3.65
10 9 -6.08
10 10 -6.38
10 11 -3.01
10 12 -6.60
10 13 -3.46
10 14 -2.12
10 15 -6.47
10 16 -11.77
10 17 -2.82
10 18 -3.31
10 19 -2.31
10 20 -2.92
10 21 -3.85
10 22 -9.17
10 23 -10.27
10 24 -4.61
10 25 -10.44
10 26 -4.26
10 27 -3.77
10 28 -5.57
10 29 -2.56
11 0 -1.95
11 1 -5.05
11 2 -7.96
11 3 -3.45
11 4 -2.25
11 5 -5.18
11 6 -5.66
11 7 -6.14
11 8 -2.04
11 9 -3.90
11 10 -4.34
11 11 -1.63
11 12 -4.42
11 13 -4.65
11 14 -3.68
11 15 -5.45
11 16 -9.40
11 17 -5.84
11 18 -3.37
11 19 -3.33
11 20 -3.87
11 21 -4.08
11 22 -9.68
11 23 -9.11
11 24 -4.36
11 25 -9.39
11 26 -4.36
11 27 -3.34
11 28 -4.16
11 29 -2.25
12 0 -2.04
12 1 -4.62
12 2 -7.73
12 3 -5.60
12 4 -1.59
12 5 -4.83
12 6 -5.65
12 7 -4.87
12 8 -2.65
12 9 -6.27
12 10 -5.77
12 11 -4.35
12 12 -2.69
12 13 -4.11
12 14 -3.06
12 15 -4.06
12 16 -8.04
12 17 -4.84
12 18 -4.03
12 19 -4.03
12 20 -4.02
12 21 -6.18
12 22 -9.86
12 23 -12.67
12 24 -4.20
12 25 -10.98
12 26 -4.16
12 27 -3.75
12 28 -3.35
12 29 -1.42
13 0 -2.37
13 1 -5.81
13 2 -6.18
13 3 -2.39
13 4 -3.08
13 5 -5.17
13 6 -2.41
13 7 -5.66
13 8 -3.07
13 9 -6.43
13 10 -4.30
13 11 -4.98
13 12 -6.85
13 13 -3.14
13 14 -3.78
13 15 -6.87
13 16 -9.41
13 17 -6.37
13 18 -2.65
13 19 -2.80
13 20 -4.53
13 21 -5.46
13 22 -10.23
13 23 -11.11
13 24 -4.75
13 25 -8.45
13 26 -6.21
13 27 -4.13
13 28 -4.52
13 29 -1.07
14 0 -5.70
14 1 -4.41
14 2 -1.72
14 3 -3.87
14 4 -5.69
14 5 -4.46
14 6 -3.86
14 7 -5.34
14 8 -6.80
14 9 -5.62
14 10 -4.34
14 11 -2.71
14 12 -1.52
14 13 -1.93
14 14 -6.35
14 15 -3.79
14 16 -11.25
14 17 -1.90
14 18 -3.53
14 19 -2.94
14 20 -5.51
14 21 -4.40
14 22 -6.61
14 23 -7.00
14 24 -7.55
14 25 -7.90
14 26 -8.96
14 27 -6.82
14 28 -8.06
14 29 -4.01
15 0 -2.17
15 1 -6.42
15 2 -8.13
15 3 -6.02
15 4 -1.99
15 5 -5.15
15 6 -4.85
15 7 -5.36
15 8 -3.83
15 9 -6.37
15 10 -6.43
15 11 -2.99
15 12 -5.54
15 13 -4.68
15 14 -2.74
15 15 -1.95
15 16 -12.57
15 17 -2.22
15 18 -4.05
15 19 -3.92
15 20 -4.21
15 21 -6.34
15 22 -11.32
15 23 -13.96
15 24 -6.85
15 25 -11.01
15 26 -7.19
15 27 -5.37
15 28 -1.61
15 29 -2.79
16 0 -5.03
16 1 -6.02
16 2 -8.59
16 3 -7.49
16 4 -5.95
16 5 -8.59
16 6 -8.59
16 7 -7.90
16 8 -4.68
16 9 -8.59
16 10 -7.90
16 11 -8.59
16 12 -7.90
16 13 -8.59
16 14 -6.02
16 15 -6.39
16 16 -6.29
16 17 -6.39
16 18 -5.50
16 19 -6.80
16 20 -0.63
16 21 -0.94
16 22 -6.64
16 23 -7.90
16 24 -8.59
16 25 -7.20
16 26 -8.59
16 27 -8.59
16 28 -8.59
16 29 -3.23
17 0 -2.12
17 1 -4.33
17 2 -7.29
17 3 -3.72
17 4 -2.35
17 5 -5.06
17 6 -4.26
17 7 -5.36
17 8 -2.75
17 9 -5.28
17 10 -3.80
17 11 -4.28
17 12 -4.43
17 13 -3.09
17 14 -3.32
17 15 -6.26
17 16 -9.41
17 17 -4.51
17 18 -3.18
17 19 -3.38
17 20 -4.04
17 21 -4.92
17 22 -8.64
17 23 -10.26
17 24 -4.79
17 25 -9.26
17 26 -4.55
17 27 -3.77
17 28 -3.87
17 29 -1.06
18 0 -2.72
18 1 -5.07
18 2 -5.17
18 3 -5.46
18 4 -2.71
18 5 -5.20
18 6 -5.95
18 7 -5.21
18 8 -2.80
18 9 -4.40
18 10 -2.16
18 11 -3.55
18 12 -4.36
18 13 -4.52
18 14 -2.48
18 15 -3.70
18 16 -9.60
18 17 -5.56
18 18 -3.08
18 19 -1.73
18 20 -4.64
18 21 -3.66
18 22 -8.07
18 23 -9.51
18 24 -4.80
18 25 -8.80
18 26 -4.60
18 27 -3.69
18 28 -3.47
18 29 -1.89
19 0 -2.35
19 1 -5.71
19 2 -6.73
19 3 -7.52
19 4 -2.00
19 5 -5.63
19 6 -6.17
19 7 -5.60
19 8 -2.35
19 9 -5.45
19 10 -6.68
19 11 -5.11
19 12 -6.14
19 13 -4.73
19 14 -3.46
19 15 -6.96
19 16 -13.59
19 17 -3.18
19 18 -3.43
19 19 -2.01
19 20 -4.31
19 21 -4.54
19 22 -9.50
19 23 -9.86
19 24 -4.49
19 25 -7.74
19 26 -5.19
19 27 -4.13
19 28 -4.89
19 29 -1.10
20 0 -4.81
20 1 -4.06
20 2 -4.98
20 3 -3.26
20 4 -4.61
20 5 -5.04
20 6 -4.21
20 7 -7.22
20 8 -5.69
20 9 -8.45
20 10 -3.43
20 11 -2.42
20 12 -3.28
20 13 -1.65
20 14 -7.48
20 15 -2.46
20 16 -10.48
20 17 -2.33
20 18 -2.40
20 19 -1.71
20 20 -7.70
20 21 -4.26
20 22 -8.38
20 23 -5.80
20 24 -8.40
20 25 -7.54
20 26 -10.05
20 27 -10.48
20 28 -9.29
20 29 -2.66
21 0 -1.43
21 1 -6.15
21 2 -8.53
21 3 -4.80
21 4 -1.75
21 5 -6.22
21 6 -5.30
21 7 -6.92
21 8 -1.68
21 9 -6.09
21 10 -5.97
21 11 -4.74
21 12 -6.35
21 13 -5.19
21 14 -4.60
21 15 -7.49
21 16 -13.13
21 17 -4.99
21 18 -3.88
21 19 -4.61
21 20 -4.52
21 21 -5.98
21 22 -10.82
21 23 -14.23
21 24 -7.79
21 25 -13.13
21 26 -7.28
21 27 -2.28
21 28 -3.09
21 29 -1.90
22 0 -1.25
22 1 -5.23
22 2 -5.64
22 3 -6.84
22 4 -1.60
22 5 -6.72
22 6 -6.72
22 7 -3.74
22 8 -1.65
22 9 -9.64
22 10 -5.61
22 11 -4.73
22 12 -6.00
22 13 -3.79
22 14 -2.85
22 15 -7.29
22 16 -8.54
22 17 -4.61
22 18 -3.76
22 19 -5.06
22 20 -4.98
22 21 -8.54
22 22 -4.66
22 23 -10.33
22 24 -5.83
22 25 -8.54
22 26 -7.44
22 27 -4.56
22 28 -6.00
22 29 -2.17
23 0 -2.22
23 1 -5.14
23 2 -4.89
23 3 -4.69
23 4 -1.62
23 5 -4.78
23 6 -5.79
23 7 -4.79
23 8 -2.53
23 9 -5.56
23 10 -4.99
23 11 -3.63
23 12 -5.80
23 13 -3.81
23 14 -3.79
23 15 -2.35
23 16 -10.01
23 17 -6.90
23 18 -5.79
23 19 -1.70
23 20 -3.96
23 21 -6.56
23 22 -9.03
23 23 -6.36
23 24 -6.27
23 25 -8.54
23 26 -7.58
23 27 -8.71
23 28 -6.03
23 29 -1.73
24 0 -3.06
24 1 -5.08
24 2 -1.86
24 3 -2.77
24 4 -5.04
24 5 -4.08
24 6 -2.35
24 7 -5.03
24 8 -6.40
24 9 -7.61
24 10 -3.47
24 11 -3.07
24 12 -3.25
24 13 -2.71
24 14 -5.04
24 15 -4.24
24 16 -10.10
24 17 -2.28
24 18 -2.24
24 19 -2.35
24 20 -6.76
24 21 -5.05
24 22 -7.17
24 23 -5.72
24 24 -9.54
24 25 -8.58
24 26 -8.32
24 27 -9.88
24 28 -6.94
24 29 -2.53
25 0 -1.79
25 1 -4.99
25 2 -6.29
25 3 -4.92
25 4 -2.00
25 5 -6.29
25 6 -5.52
25 7 -4.38
25 8 -1.92
25 9 -4.47
25 10 -4.25
25 11 -4.39
25 12 -4.81
25 13 -4.58
25 14 -2.24
25 15 -6.57
25 16 -6.95
25 17 -6.01
25 18 -4.89
25 19 -5.20
25 20 -4.02
25 21 -5.89
25 22 -6.14
25 23 -8.51
25 24 -3.94
25 25 -2.50
25 26 -7.95
25 27 -7.60
25 28 -9.90
25 29 -1.56
26 0 -6.45
26 1 -5.88
26 2 -6.02
26 3 -3.27
26 4 -6.73
26 5 -5.78
26 6 -3.48
26 7 -7.05
26 8 -8.00
26 9 -3.60
26 10 -3.12
26 11 -3.69
26 12 -3.74
26 13 -3.37
26 14 -8.38
26 15 -3.87
26 16 -11.01
26 17 -0.54
26 18 -3.20
26 19 -3.25
26 20 -9.32
26 21 -2.61
26 22 -8.93
26 23 -10.95
26 24 -9.46
26 25 -9.44
26 26 -8.51
26 27 -11.30
26 28 -10.74
26 29 -4.78
27 0 -9.92
27 1 -7.26
27 2 -4.13
27 3 -3.79
27 4 -8.94
27 5 -5.06
27 6 -2.78
27 7 -8.27
27 8 -9.24
27 9 -8.19
27 10 -3.67
27 11 -2.12
27 12 -3.23
27 13 -1.62
27 14 -11.17
27 15 -5.12
27 16 -14.11
27 17 -1.04
27 18 -3.14
27 19 -2.63
27 20 -10.11
27 21 -3.66
27 22 -12.73
27 23 -4.97
27 24 -10.59
27 25 -12.17
27 26 -14.11
27 27 -9.65
27 28 -13.42
27 29 -6.71
28 0 -6.87
28 1 -6.28
28 2 -9.19
28 3 -3.16
28 4 -5.07
28 5 -6.45
28 6 -2.38
28 7 -6.63
28 8 -10.09
28 9 -8.51
28 10 -4.11
28 11 -2.88
28 12 -6.46
28 13 -1.92
28 14 -8.96
28 15 -5.93
28 16 -13.23
28 17 -1.88
28 18 -3.40
28 19 -2.72
28 20 -9.84
28 21 -5.03
28 22 -13.23
28 23 -12.82
28 24 -12.31
28 25 -10.28
28 26 -9.93
28 27 -10.98
28 28 -8.32
28 29 -0.99
29 0 -2.71
29 1 -3.14
29 2 -5.36
29 3 -2.62
29 4 -3.10
29 5 -2.68
29 6 -3.68
29 7 -2.80
29 8 -2.86
29 9 -4.31
29 10 -3.19
29 11 -3.61
29 12 -2.79
29 13 -3.65
29 14 -2.92
29 15 -3.25
29 16 -9.41
29 17 -3.90
29 18 -2.13
29 19 -3.09
29 20 -3.79
29 21 -3.06
29 22 -6.70
29 23 -9.35
29 24 -6.65
29 25 -7.96
29 26 -4.91
29 27 -3.82
29 28 -4.90
29 29 -16.35
